23
1.5646110934419029 2.5028139074532785
1.3772517551239332 0.736215161283277
0.8409423480631388 2.654443775555346
1.490403123828668 0.20675422903529916
0.45147755104339127 2.2392100324150546
1.2962623592645788 2.3015307637080067
0.9496879901607438 0.6728639960353778
0.6941980879517395 0.4706406875794201
1.4914013642500972 1.942972002464856
0.36871505546554406 0.35977590855566355
1.3960850532882891 1.1928693831102235
1.1652075248524183 2.6203257963019846
1.7689391026186743 0.6949046580240815
0.2761534827676362 0.7416942682816317
1.2895776288471688 1.5445434552575708
1.0658212157512166 0.3114156081772057
1.6155260702842973 1.5323230065565028
0.22337720688178764 2.661498799033889
0.8622093592496933 2.3266834706194435
1.7750732680330314 2.7885209578919232
1.7547518451816786 1.2235826681076394
1.8110634889293826 2.1721628653585148
1.8139299353538658 1.8072850216297107
41
0 1 1.7765063049773757
0 2 0.7393835742959974
1 3 0.5414167627776707
0 3 2.2972585552373057
2 4 0.5692994726503183
0 4 1.143920139759689
0 5 0.3354488740338114
2 5 0.5760763026992515
1 6 0.43223158520377025
3 6 0.7138845639670245
6 7 0.3258363954711627
1 7 0.7328656857299722
5 8 0.4082200589522285
0 8 0.5646083802330633
7 9 0.3438461918713019
6 9 0.6599649243483005
1 10 0.4570424175414374
2 11 0.32605512016607785
5 11 0.3446819438691186
1 12 0.3938597921430849
3 12 0.5620259182657319
9 13 0.39297490789627276
7 13 0.4982281962464822
10 14 0.36744861475011514
8 14 0.4466297430777525
6 15 0.37964702444681336
7 15 0.4042973843918706
14 16 0.32617744532960685
10 16 0.40420678174796953
4 17 0.47995579944313477
2 17 0.6176054379283145
2 18 0.328449544460766
4 18 0.4199431159856244
0 19 0.3548560914004112
11 19 0.6326340467343716
16 20 0.33868039946429584
10 20 0.35997940702549697
8 21 0.3933348771573847
0 21 0.412394101412557
16 22 0.33906961439749006
8 22 0.34990803927088593
