0.9625298264399051 2.004427903811573
0.8957231764597118 1.8249341388530949
1.4192744630977139 1.3890927495521488
2.486600038030322 0.6422459419549709
3.6440975969378075 0.7732044285998374
5.848985913734056 2.1363247966619547
6.4004396099169005 2.75320526989049
6.802313077851662 2.923984410429823
7.076476130244553 3.1435253522680204
7.5521157421528144 2.996117276855829
7.972422713909229 2.9951326870658637
8.510383834223433 2.9278288780529014
9.534987401386262 2.615581538364723
9.290645430594424 2.2128091879867395
8.88307161198331 2.193042364913164
8.8141353499575 1.6905306253293306
8.644622005383624 1.8489758129618594
