1.2283414836079753 3.8619204198828925
1.39999431490604 3.7852800480837967
1.3942267908411 3.26564896628141
1.691540663050325 2.989837743747082
1.7670592164903776 1.2870130826675907
2.486600038030322 0.6422459419549709
3.6440975969378075 0.7732044285998374
5.848985913734056 2.1363247966619547
6.4004396099169005 2.75320526989049
6.802313077851662 2.923984410429823
7.076476130244553 3.1435253522680204
7.5521157421528144 2.996117276855829
7.972422713909229 2.9951326870658637
8.206094524871926 3.3418312462454844
8.370497712421045 3.826066595763095
8.592831228265245 4.328300845190793
8.817388547569129 4.960075117543168
8.735343012801113 5.499143438334495
8.664557576893957 6.531296156124506
9.132579276179426 7.196679376588487
8.826557727691462 7.769911045556923
9.188507511071716 8.133369019570804
