8.90286331525081 2.0151790461203003
8.88307161198331 2.193042364913164
9.290645430594424 2.2128091879867395
9.534987401386262 2.615581538364723
8.510383834223433 2.9278288780529014
7.972422713909229 2.9951326870658637
7.5521157421528144 2.996117276855829
7.076476130244553 3.1435253522680204
6.802313077851662 2.923984410429823
6.4004396099169005 2.75320526989049
5.848985913734056 2.1363247966619547
3.6440975969378075 0.7732044285998374
2.486600038030322 0.6422459419549709
1.7670592164903776 1.2870130826675907
1.691540663050325 2.989837743747082
0.2807285618813016 4.496459704064088
0.21900795203339318 4.847944139660027
0.2648575997234015 5.428323823127244
0.5929762020684393 5.842505509215298
0.7980395789633932 5.64169727000313
