4.727855770228975 2.5200133159312665
4.845283492327383 2.581447396456321
4.538835553697412 2.5664487706658266
5.57646413740688 2.556910885487498
6.054347788824872 2.819738411670122
6.4004396099169005 2.75320526989049
6.802313077851662 2.923984410429823
7.076476130244553 3.1435253522680204
7.5521157421528144 2.996117276855829
7.972422713909229 2.9951326870658637
8.206094524871926 3.3418312462454844
8.370497712421045 3.826066595763095
8.592831228265245 4.328300845190793
8.817388547569129 4.960075117543168
8.735343012801113 5.499143438334495
8.664557576893957 6.531296156124506
9.132579276179426 7.196679376588487
8.826557727691462 7.769911045556923
9.085945105647538 7.62197248841183
