9.371588266656163 7.640769451750802
9.582826166389914 7.721340813749284
9.132579276179426 7.196679376588487
9.267996886821745 6.400429408560684
9.687745488685268 6.122794271703347
9.740432490248187 5.320569619287986
8.370497712421045 3.826066595763095
6.381286543555399 3.3771375068344636
5.848985913734056 2.1363247966619547
5.324701510421724 1.2804555984310562
5.647433445849927 1.0120929331952144
4.6865402162512275 0.47738429763451884
4.2762904969572135 0.639796434188038
4.0938313247641345 0.6901185978638302
