9.372281897209056 6.824018983164827
9.00036232069785 6.9220292683273374
9.132579276179426 7.196679376588487
9.196756206911726 8.982702033847906
9.077689568066136 8.662583518683771
8.29021003925779 8.15476304985676
7.67021129499991 8.36418055238217
6.275835348374624 8.97162208559678
5.137410389593481 8.794417021646003
3.0364380409634606 6.483864807369618
0.886632787569106 7.338796375999298
2.153497781151732 7.773291389827911
2.021601270385628 6.764615769985516
2.1068312515668266 6.800385398338895
