9.303630833255275 7.526251377921586
9.441268908218868 7.2192097919701235
9.132579276179426 7.196679376588487
9.267996886821745 6.400429408560684
9.687745488685268 6.122794271703347
9.740432490248187 5.320569619287986
8.370497712421045 3.826066595763095
6.381286543555399 3.3771375068344636
5.848985913734056 2.1363247966619547
3.6440975969378075 0.7732044285998374
2.486600038030322 0.6422459419549709
1.7670592164903776 1.2870130826675907
1.691540663050325 2.989837743747082
1.669014793754584 4.002072053732665
1.6216893183273773 4.590699901782246
1.6446535304098686 4.524376085922129
