0.6001315302405275 1.7829645270547134
0.6564215449655042 1.508260630904631
0.8957231764597118 1.8249341388530949
1.4192744630977139 1.3890927495521488
2.486600038030322 0.6422459419549709
3.6440975969378075 0.7732044285998374
5.848985913734056 2.1363247966619547
6.4004396099169005 2.75320526989049
6.802313077851662 2.923984410429823
7.076476130244553 3.1435253522680204
7.5521157421528144 2.996117276855829
7.972422713909229 2.9951326870658637
8.206094524871926 3.3418312462454844
8.370497712421045 3.826066595763095
8.592831228265245 4.328300845190793
8.817388547569129 4.960075117543168
8.41410752369611 5.394493517964037
8.499905840430259 5.186164546331174
