7.033744867114686 3.677774007444378
7.076476130244553 3.1435253522680204
7.5521157421528144 2.996117276855829
7.972422713909229 2.9951326870658637
8.206094524871926 3.3418312462454844
8.370497712421045 3.826066595763095
8.592831228265245 4.328300845190793
8.817388547569129 4.960075117543168
8.735343012801113 5.499143438334495
8.664557576893957 6.531296156124506
9.196756206911726 8.982702033847906
8.464589736116219 9.428770980702124
8.156308467204884 9.188148639870917
7.854812540975692 9.187237640749062
7.75638460773811 9.026360410149
