7.529785246280624 3.3041920488260965
7.600262716390565 3.345923607282575
7.972422713909229 2.9951326870658637
8.206094524871926 3.3418312462454844
8.370497712421045 3.826066595763095
8.592831228265245 4.328300845190793
8.817388547569129 4.960075117543168
8.735343012801113 5.499143438334495
8.664557576893957 6.531296156124506
9.196756206911726 8.982702033847906
9.077689568066136 8.662583518683771
8.29021003925779 8.15476304985676
8.057778571011097 8.440645356619086
7.944583621879213 8.210823316478898
