1.5032572077254525 1.8445117055042082
1.3641208687490658 1.850464950611902
1.4192744630977139 1.3890927495521488
2.486600038030322 0.6422459419549709
3.6440975969378075 0.7732044285998374
5.848985913734056 2.1363247966619547
6.4004396099169005 2.75320526989049
6.802313077851662 2.923984410429823
7.076476130244553 3.1435253522680204
7.5521157421528144 2.996117276855829
7.972422713909229 2.9951326870658637
8.206094524871926 3.3418312462454844
8.370497712421045 3.826066595763095
8.592831228265245 4.328300845190793
8.817388547569129 4.960075117543168
8.735343012801113 5.499143438334495
8.664557576893957 6.531296156124506
9.441268908218868 7.2192097919701235
9.472391422102216 7.231712461286326
