0.988798004691156 0.40185520551119125
1.0497737716171562 0.2742850831432664
0.5925564393982585 0.27019560330762027
5.848985913734056 2.1363247966619547
6.4004396099169005 2.75320526989049
6.802313077851662 2.923984410429823
7.076476130244553 3.1435253522680204
7.5521157421528144 2.996117276855829
7.972422713909229 2.9951326870658637
8.206094524871926 3.3418312462454844
8.370497712421045 3.826066595763095
8.592831228265245 4.328300845190793
8.817388547569129 4.960075117543168
8.735343012801113 5.499143438334495
8.664557576893957 6.531296156124506
9.196756206911726 8.982702033847906
9.077689568066136 8.662583518683771
8.29021003925779 8.15476304985676
7.67021129499991 8.36418055238217
7.3351594648011895 8.42712004816968
6.974011883596766 9.549598708756154
7.089834800329724 9.536952980152165
