9.643865104929302 9.40197443458909
9.500845602648445 9.373827889464
9.73995303162792 9.187378942188571
9.196756206911726 8.982702033847906
9.132579276179426 7.196679376588487
9.267996886821745 6.400429408560684
9.687745488685268 6.122794271703347
9.740432490248187 5.320569619287986
8.370497712421045 3.826066595763095
8.206094524871926 3.3418312462454844
7.972422713909229 2.9951326870658637
7.5521157421528144 2.996117276855829
7.076476130244553 3.1435253522680204
6.802313077851662 2.923984410429823
6.4004396099169005 2.75320526989049
6.054347788824872 2.819738411670122
6.12074202843745 2.7707632971840312
