8.890390723294708 0.8534053220003035
8.995271639531007 0.7311061953146425
8.53036617430517 1.1489756072963841
9.534987401386262 2.615581538364723
8.510383834223433 2.9278288780529014
7.972422713909229 2.9951326870658637
7.5521157421528144 2.996117276855829
7.076476130244553 3.1435253522680204
6.802313077851662 2.923984410429823
6.4004396099169005 2.75320526989049
5.848985913734056 2.1363247966619547
3.6440975969378075 0.7732044285998374
2.486600038030322 0.6422459419549709
1.7670592164903776 1.2870130826675907
1.691540663050325 2.989837743747082
0.2807285618813016 4.496459704064088
0.21900795203339318 4.847944139660027
0.2648575997234015 5.428323823127244
0.5929762020684393 5.842505509215298
0.9514050769853821 6.167959927246189
1.3721181591977338 6.301589140970498
1.0926128477051933 6.493890974185687
