4.919101632267807 6.650647224612242
5.1878689051505935 6.291026955273097
4.168684964091143 6.488832706247605
3.0364380409634606 6.483864807369618
0.9026305502424403 6.956568112207845
0.5452034582414 6.171771442213304
0.21900795203339318 4.847944139660027
0.2807285618813016 4.496459704064088
0.4056263072059807 3.97748298868021
0.6998774411037401 3.7088498615565
1.004452451028638 3.4252896578841394
0.935284110856357 3.017155023989618
0.8703540573327173 2.5988111973810843
0.8957231764597118 1.8249341388530949
1.0548609760571181 1.7316215883557395
