9.323270363336484 6.030665628561641
9.250024738612007 5.827603020615136
9.267996886821745 6.400429408560684
9.132579276179426 7.196679376588487
9.196756206911726 8.982702033847906
9.077689568066136 8.662583518683771
8.29021003925779 8.15476304985676
7.67021129499991 8.36418055238217
6.275835348374624 8.97162208559678
5.137410389593481 8.794417021646003
3.0364380409634606 6.483864807369618
0.886632787569106 7.338796375999298
0.4175095560625153 7.225718329660175
0.2051572896901177 6.741771101550342
