4.006425403588346 7.215503076303051
3.8656427905103463 7.08920257483304
4.197655219889729 7.488336605534669
4.681694591623371 7.5406111647867835
4.859206847656997 7.861831716732083
4.917390273866976 8.334227075342376
5.137410389593481 8.794417021646003
8.999228319427427 9.684160758562903
9.196756206911726 8.982702033847906
9.132579276179426 7.196679376588487
9.267996886821745 6.400429408560684
9.687745488685268 6.122794271703347
9.758098660206688 5.630787569834598
9.45528526106421 5.5668088679786845
