8.648903899579164 3.765510103487716
8.586491151674373 3.5687447669668817
8.206094524871926 3.3418312462454844
7.972422713909229 2.9951326870658637
7.5521157421528144 2.996117276855829
7.076476130244553 3.1435253522680204
6.802313077851662 2.923984410429823
6.4004396099169005 2.75320526989049
5.848985913734056 2.1363247966619547
3.6440975969378075 0.7732044285998374
2.486600038030322 0.6422459419549709
1.7670592164903776 1.2870130826675907
1.691540663050325 2.989837743747082
0.886632787569106 7.338796375999298
0.4175095560625153 7.225718329660175
0.4372024017033571 7.302505141197266
