1.2165139492931043 5.538074160414444
1.3999890158615713 5.615516760501048
1.7138078092402143 5.092410811083542
1.669014793754584 4.002072053732665
1.691540663050325 2.989837743747082
1.7670592164903776 1.2870130826675907
2.486600038030322 0.6422459419549709
3.6440975969378075 0.7732044285998374
5.848985913734056 2.1363247966619547
6.4004396099169005 2.75320526989049
6.802313077851662 2.923984410429823
7.076476130244553 3.1435253522680204
7.5521157421528144 2.996117276855829
7.337427014701927 3.0042516445861622
