9.444356430611037 1.2387487335345393
9.151307437639066 1.550803432992709
9.706265543482806 1.9042324087700468
9.534987401386262 2.615581538364723
8.510383834223433 2.9278288780529014
7.972422713909229 2.9951326870658637
7.5521157421528144 2.996117276855829
7.076476130244553 3.1435253522680204
6.802313077851662 2.923984410429823
6.4004396099169005 2.75320526989049
5.848985913734056 2.1363247966619547
3.6440975969378075 0.7732044285998374
2.486600038030322 0.6422459419549709
1.7670592164903776 1.2870130826675907
1.691540663050325 2.989837743747082
1.669014793754584 4.002072053732665
1.7138078092402143 5.092410811083542
1.4837201157364999 5.200286956697005
