8.923738324197538 1.6273067709390332
8.8141353499575 1.6905306253293306
8.88307161198331 2.193042364913164
9.290645430594424 2.2128091879867395
9.534987401386262 2.615581538364723
8.510383834223433 2.9278288780529014
7.972422713909229 2.9951326870658637
7.5521157421528144 2.996117276855829
7.076476130244553 3.1435253522680204
6.802313077851662 2.923984410429823
6.4004396099169005 2.75320526989049
5.848985913734056 2.1363247966619547
5.324701510421724 1.2804555984310562
5.647433445849927 1.0120929331952144
4.6865402162512275 0.47738429763451884
4.854363274006354 0.2932832253660478
