5.121254860199991 0.9535641541316142
5.009322730558653 1.0170154389239616
5.324701510421724 1.2804555984310562
5.848985913734056 2.1363247966619547
6.381286543555399 3.3771375068344636
8.370497712421045 3.826066595763095
8.592831228265245 4.328300845190793
8.817388547569129 4.960075117543168
8.735343012801113 5.499143438334495
8.664557576893957 6.531296156124506
9.196756206911726 8.982702033847906
9.077689568066136 8.662583518683771
8.29021003925779 8.15476304985676
7.67021129499991 8.36418055238217
6.275835348374624 8.97162208559678
5.137410389593481 8.794417021646003
5.125221372544475 8.939191458077044
