4.987648975899343 6.793036996175323
5.1878689051505935 6.291026955273097
4.681694591623371 7.5406111647867835
4.859206847656997 7.861831716732083
4.917390273866976 8.334227075342376
5.137410389593481 8.794417021646003
8.999228319427427 9.684160758562903
9.740432490248187 5.320569619287986
8.370497712421045 3.826066595763095
8.206094524871926 3.3418312462454844
7.972422713909229 2.9951326870658637
7.5521157421528144 2.996117276855829
7.076476130244553 3.1435253522680204
6.802313077851662 2.923984410429823
6.4004396099169005 2.75320526989049
6.054347788824872 2.819738411670122
5.57646413740688 2.556910885487498
4.538835553697412 2.5664487706658266
4.845283492327383 2.581447396456321
4.700680909235322 2.7093529116038253
