7.128213246390478 9.68113092842367
6.974011883596766 9.549598708756154
7.3351594648011895 8.42712004816968
7.67021129499991 8.36418055238217
8.29021003925779 8.15476304985676
9.077689568066136 8.662583518683771
9.196756206911726 8.982702033847906
9.132579276179426 7.196679376588487
9.267996886821745 6.400429408560684
9.687745488685268 6.122794271703347
9.740432490248187 5.320569619287986
8.370497712421045 3.826066595763095
6.381286543555399 3.3771375068344636
5.848985913734056 2.1363247966619547
5.324701510421724 1.2804555984310562
4.9329606211629295 1.404267947509209
5.036462861420615 1.7499221453392066
