1.1505291882722901 7.873230642766538
1.468685334212948 7.812331640232928
2.153497781151732 7.773291389827911
2.5324947670555717 7.252711463109964
3.0364380409634606 6.483864807369618
5.137410389593481 8.794417021646003
6.275835348374624 8.97162208559678
7.67021129499991 8.36418055238217
8.464589736116219 9.428770980702124
9.196756206911726 8.982702033847906
8.664557576893957 6.531296156124506
9.740432490248187 5.320569619287986
9.57910025726794 4.576669705033951
9.534301062015198 4.709671766098516
