8.822068200454558 1.392384511712148
8.8141353499575 1.6905306253293306
8.88307161198331 2.193042364913164
9.290645430594424 2.2128091879867395
9.534987401386262 2.615581538364723
8.510383834223433 2.9278288780529014
7.972422713909229 2.9951326870658637
7.5521157421528144 2.996117276855829
7.076476130244553 3.1435253522680204
6.802313077851662 2.923984410429823
6.4004396099169005 2.75320526989049
5.848985913734056 2.1363247966619547
3.6440975969378075 0.7732044285998374
2.486600038030322 0.6422459419549709
1.7670592164903776 1.2870130826675907
0.8703540573327173 2.5988111973810843
0.5967850329864621 2.814678961279599
0.5210743132845141 2.635303494181823
