4.571909746485504 9.155009575854304
4.581953577531623 9.138512656599815
4.662845978182576 8.84458273551979
4.197655219889729 7.488336605534669
3.8656427905103463 7.08920257483304
3.5306409592508645 6.860305583257311
3.0364380409634606 6.483864807369618
0.9026305502424403 6.956568112207845
0.5452034582414 6.171771442213304
0.21900795203339318 4.847944139660027
0.2807285618813016 4.496459704064088
0.4056263072059807 3.97748298868021
0.6998774411037401 3.7088498615565
1.004452451028638 3.4252896578841394
0.935284110856357 3.017155023989618
0.8703540573327173 2.5988111973810843
0.8957231764597118 1.8249341388530949
0.6564215449655042 1.508260630904631
0.9452615044907642 1.0017865283465466
1.0554452960449368 1.2266832747044976
