0.9532208341832749 4.225759204886544
1.5233480597992644 4.30059271091071
1.669014793754584 4.002072053732665
1.691540663050325 2.989837743747082
1.7670592164903776 1.2870130826675907
2.486600038030322 0.6422459419549709
3.6440975969378075 0.7732044285998374
5.848985913734056 2.1363247966619547
6.4004396099169005 2.75320526989049
6.802313077851662 2.923984410429823
7.076476130244553 3.1435253522680204
7.5521157421528144 2.996117276855829
7.972422713909229 2.9951326870658637
8.510383834223433 2.9278288780529014
9.534987401386262 2.615581538364723
9.706265543482806 1.9042324087700468
9.151307437639066 1.550803432992709
9.06281181565668 1.7304182285326353
