7.344463383306245 3.116947144948441
7.5521157421528144 2.996117276855829
7.972422713909229 2.9951326870658637
8.206094524871926 3.3418312462454844
8.370497712421045 3.826066595763095
8.592831228265245 4.328300845190793
8.817388547569129 4.960075117543168
8.735343012801113 5.499143438334495
8.664557576893957 6.531296156124506
9.196756206911726 8.982702033847906
9.077689568066136 8.662583518683771
8.29021003925779 8.15476304985676
7.67021129499991 8.36418055238217
6.275835348374624 8.97162208559678
5.137410389593481 8.794417021646003
4.917390273866976 8.334227075342376
4.859206847656997 7.861831716732083
4.681694591623371 7.5406111647867835
5.016671251828924 7.130234695879183
