9.23891174486344 3.34255154746947
9.10846747765979 3.852640662804623
8.370497712421045 3.826066595763095
8.206094524871926 3.3418312462454844
7.972422713909229 2.9951326870658637
7.5521157421528144 2.996117276855829
7.076476130244553 3.1435253522680204
6.802313077851662 2.923984410429823
6.4004396099169005 2.75320526989049
6.054347788824872 2.819738411670122
5.57646413740688 2.556910885487498
4.538835553697412 2.5664487706658266
4.845283492327383 2.581447396456321
5.029197923075635 2.0760487007246606
