8.758152409836109 1.6447178316649347
8.8141353499575 1.6905306253293306
8.88307161198331 2.193042364913164
9.290645430594424 2.2128091879867395
9.534987401386262 2.615581538364723
8.510383834223433 2.9278288780529014
7.972422713909229 2.9951326870658637
7.5521157421528144 2.996117276855829
7.076476130244553 3.1435253522680204
6.802313077851662 2.923984410429823
7.00588412532051 2.6036627394622647
6.615961491661029 2.461669298882312
6.143015746461838 2.234022297823323
6.189690879320777 2.2385603917892025
