1.3195018973118722 6.5106635334294936
1.3721181591977338 6.301589140970498
1.3999890158615713 5.615516760501048
1.7138078092402143 5.092410811083542
1.669014793754584 4.002072053732665
1.691540663050325 2.989837743747082
1.7670592164903776 1.2870130826675907
2.486600038030322 0.6422459419549709
3.6440975969378075 0.7732044285998374
4.6865402162512275 0.47738429763451884
5.190882322411331 0.25273628701290907
5.665999127071085 0.4135402743783523
5.009322730558653 1.0170154389239616
5.224819560318817 0.9861756554956458
