0.37488658129944286 8.640137692274642
0.29345499759864446 8.86315014912255
0.7246522041520875 7.704284509233715
0.886632787569106 7.338796375999298
1.691540663050325 2.989837743747082
1.7670592164903776 1.2870130826675907
2.486600038030322 0.6422459419549709
3.6440975969378075 0.7732044285998374
4.6865402162512275 0.47738429763451884
5.190882322411331 0.25273628701290907
5.665999127071085 0.4135402743783523
5.009322730558653 1.0170154389239616
4.5943976664907895 1.4158068584479488
4.626522656333369 1.4655178185074547
