9.441922648313643 0.3732298996854355
9.400634408004153 0.5531800725506242
9.534987401386262 2.615581538364723
8.510383834223433 2.9278288780529014
7.972422713909229 2.9951326870658637
7.5521157421528144 2.996117276855829
7.076476130244553 3.1435253522680204
6.802313077851662 2.923984410429823
6.4004396099169005 2.75320526989049
5.848985913734056 2.1363247966619547
3.6440975969378075 0.7732044285998374
2.486600038030322 0.6422459419549709
1.7670592164903776 1.2870130826675907
1.691540663050325 2.989837743747082
0.886632787569106 7.338796375999298
0.7246522041520875 7.704284509233715
0.7188459299206096 7.665535711386598
