0.4866433673702286 2.1550519244553534
0.2145752602595552 1.726681457158581
0.8957231764597118 1.8249341388530949
1.4192744630977139 1.3890927495521488
2.486600038030322 0.6422459419549709
3.6440975969378075 0.7732044285998374
5.848985913734056 2.1363247966619547
6.4004396099169005 2.75320526989049
6.802313077851662 2.923984410429823
7.076476130244553 3.1435253522680204
7.5521157421528144 2.996117276855829
7.972422713909229 2.9951326870658637
8.510383834223433 2.9278288780529014
9.534987401386262 2.615581538364723
9.706265543482806 1.9042324087700468
9.70631063968081 2.1123944212239296
