181
3.0364380409634606 6.483864807369618
8.53036617430517 1.1489756072963841
9.400634408004153 0.5531800725506242
8.999228319427427 9.684160758562903
4.168684964091143 6.488832706247605
1.691540663050325 2.989837743747082
9.740432490248187 5.320569619287986
5.137410389593481 8.794417021646003
9.534987401386262 2.615581538364723
4.662845978182576 8.84458273551979
5.848985913734056 2.1363247966619547
0.5925564393982585 0.27019560330762027
0.886632787569106 7.338796375999298
3.6440975969378075 0.7732044285998374
4.758193246914985 9.590228140800752
1.7670592164903776 1.2870130826675907
4.197655219889729 7.488336605534669
8.995271639531007 0.7311061953146425
2.486600038030322 0.6422459419549709
0.2807285618813016 4.496459704064088
0.9026305502424403 6.956568112207845
0.8703540573327173 2.5988111973810843
8.664557576893957 6.531296156124506
2.5324947670555717 7.252711463109964
1.4192744630977139 1.3890927495521488
5.647219679576302 9.009964913596873
6.275835348374624 8.97162208559678
0.9514050769853821 6.167959927246189
9.151307437639066 1.550803432992709
8.370497712421045 3.826066595763095
3.228901430711968 0.3929791738017685
4.581953577531623 9.138512656599815
5.647433445849927 1.0120929331952144
2.153497781151732 7.773291389827911
9.57910025726794 4.576669705033951
0.4175095560625153 7.225718329660175
0.5452034582414 6.171771442213304
9.196756206911726 8.982702033847906
4.917390273866976 8.334227075342376
3.3198294570265032 1.6465367209252824
9.132579276179426 7.196679376588487
4.6865402162512275 0.47738429763451884
9.441268908218868 7.2192097919701235
8.464589736116219 9.428770980702124
9.267996886821745 6.400429408560684
7.67021129499991 8.36418055238217
0.21900795203339318 4.847944139660027
8.56968602824095 0.5067889598970987
5.324701510421724 1.2804555984310562
8.156308467204884 9.188148639870917
2.0576096966869817 0.9668997996039819
1.474284754601295 2.7651672919080825
9.66618030368309 3.012388775714634
3.8656427905103463 7.08920257483304
0.23932313511356273 0.5425821627807059
2.7458567909565357 7.481130899069013
1.3942267908411 3.26564896628141
6.381286543555399 3.3771375068344636
1.669014793754584 4.002072053732665
9.10846747765979 3.852640662804623
7.3351594648011895 8.42712004816968
9.285981189299795 4.3107322708070095
4.310207492071617 9.483725325590237
1.39999431490604 3.7852800480837967
5.307077700896484 8.043917667471073
9.077689568066136 8.662583518683771
0.8957231764597118 1.8249341388530949
4.2762904969572135 0.639796434188038
1.468685334212948 7.812331640232928
8.271047237663259 6.777301496295188
9.603213131189426 8.587320542388348
4.538835553697412 2.5664487706658266
1.3999890158615713 5.615516760501048
4.9329606211629295 1.404267947509209
5.57646413740688 2.556910885487498
2.743464755328998 1.4456205778831233
0.838293870182889 9.032166744277996
5.009322730558653 1.0170154389239616
8.744675882172515 7.255479098742583
6.4004396099169005 2.75320526989049
8.29021003925779 8.15476304985676
6.974011883596766 9.549598708756154
6.096473023094356 8.514406244289153
1.5904317435106463 8.98829632318285
1.3641208687490658 1.850464950611902
4.681694591623371 7.5406111647867835
1.004452451028638 3.4252896578841394
8.58443931927843 6.947505350809648
8.826557727691462 7.769911045556923
2.021601270385628 6.764615769985516
4.291507873961484 8.915259948121257
9.687745488685268 6.122794271703347
8.735343012801113 5.499143438334495
3.429142756412001 1.094933209980784
1.7997843997845875 8.096803165213998
9.706265543482806 1.9042324087700468
8.510383834223433 2.9278288780529014
9.250024738612007 5.827603020615136
4.5943976664907895 1.4158068584479488
1.626383487994405 0.5466166822238583
1.6876607639736896 2.2860734068512265
7.93135232282244 9.576666097724248
6.802313077851662 2.923984410429823
2.0727456461394556 1.4430369659802578
1.7138078092402143 5.092410811083542
8.064181403916779 2.564011762083791
0.2145752602595552 1.726681457158581
9.290645430594424 2.2128091879867395
4.600411695774996 0.8357897989016272
0.7246522041520875 7.704284509233715
0.6564215449655042 1.508260630904631
9.73995303162792 9.187378942188571
5.1878689051505935 6.291026955273097
8.8141353499575 1.6905306253293306
0.543561555568639 4.801143067738348
0.46458743285108683 1.2558206240263825
0.9452615044907642 1.0017865283465466
7.972422713909229 2.9951326870658637
8.41410752369611 5.394493517964037
9.758098660206688 5.630787569834598
5.665999127071085 0.4135402743783523
8.817388547569129 4.960075117543168
7.600262716390565 3.345923607282575
4.726413798736089 3.050802265849674
9.307204154790579 9.764680502532961
7.069739745076861 8.793024142906635
8.341433912296758 8.594471999846485
5.559906645837028 1.495239030410097
0.6998774411037401 3.7088498615565
8.057778571011097 8.440645356619086
8.252591614135918 0.9782040028558592
8.206094524871926 3.3418312462454844
7.659239083042388 2.34802276131913
6.054347788824872 2.819738411670122
0.29345499759864446 8.86315014912255
4.859206847656997 7.861831716732083
0.2271357433915222 7.48645221010851
1.4095972301090287 8.196049230901167
1.6216893183273773 4.590699901782246
4.464694024223212 7.1754217707422185
4.845283492327383 2.581447396456321
7.00588412532051 2.6036627394622647
3.639597233315255 1.4528058476472883
9.582826166389914 7.721340813749284
8.270831167389339 2.319497305796193
0.4056263072059807 3.97748298868021
4.5077236924568185 8.248672988849005
8.88307161198331 2.193042364913164
0.5929762020684393 5.842505509215298
5.952030530890172 3.3639913924995812
8.884343090253582 9.073451753710135
5.190882322411331 0.25273628701290907
7.854812540975692 9.187237640749062
4.362253704494289 7.794675216607493
3.5306409592508645 6.860305583257311
5.569177071522143 6.583327834299038
0.2648575997234015 5.428323823127244
9.00036232069785 6.9220292683273374
8.592831228265245 4.328300845190793
6.615961491661029 2.461669298882312
7.5521157421528144 2.996117276855829
8.586491151674373 3.5687447669668817
7.6223153033534174 9.574807627810745
5.755803183584173 8.579916953848675
6.143015746461838 2.234022297823323
0.8793370093170183 0.6195540371024644
9.500845602648445 9.373827889464
0.935284110856357 3.017155023989618
7.076476130244553 3.1435253522680204
8.359226702370838 4.682555149919728
1.3721181591977338 6.301589140970498
0.5967850329864621 2.814678961279599
1.5233480597992644 4.30059271091071
1.0497737716171562 0.2742850831432664
8.903531948617967 4.34676129857555
1.7202761538097588 9.644590311363663
3.2985922631448172 7.181874040732447
0.6958720860505585 9.416301824881636
0.6140544799625636 3.201102474211978
3.8965890588830785 6.296338935489504
6.32551563084337 8.287091801560708
349
1 2 1.0546748872560368
1 3 8.548053420371748
0 4 1.132257821766476
1 6 4.343553509497045
3 6 4.426094356608393
4 7 2.5008294594845504
3 7 3.962988978103496
0 7 3.1229371342704693
1 8 1.7776942276293606
2 8 2.0667729756852533
7 9 0.4772085282413189
4 9 2.40702166759333
5 11 2.9332950236705266
10 11 5.5778570244275185
0 12 2.313562321304868
5 12 4.422817865688429
4 12 3.390325165719478
10 13 2.5922248412069497
9 14 0.7517168164085067
7 14 0.8815446549503756
11 15 1.5535039619289885
5 15 1.704498424256873
4 16 0.9999236572914361
9 16 1.4338082182428344
2 17 0.4426925335106189
1 17 0.6251015414049288
15 18 0.966159230978572
13 18 1.1648822790741995
5 19 2.064049543037766
12 19 2.9061998705068555
12 20 0.38256290208484806
0 20 2.1855394807374493
5 21 0.9095324080938102
15 21 1.5889916413329055
6 22 1.6196807019240325
3 22 3.1705771883392044
0 23 0.9192845062112797
12 23 1.648111727931778
15 24 0.3624561947100066
18 24 1.3026757220902365
7 25 0.5535037541672607
9 25 0.9981697495021096
25 26 0.6297839562245191
7 26 1.1521341160931073
20 27 0.7901150700040565
12 27 1.1726267262880448
1 28 0.7396172348009002
17 28 0.8344164018931264
8 29 1.6796756561583688
6 29 2.027377760267026
13 30 0.5629912084881002
18 30 0.7830359374145309
9 31 0.30485796527101605
14 31 0.48487864433406824
13 32 2.0175287460564864
23 33 0.6439271507133846
12 33 1.3393031131924669
6 34 0.761193255241764
29 34 1.4227175190660546
12 35 0.4825590646781584
20 35 0.5547830373657396
27 36 0.406219500660143
20 36 0.8623571993848258
3 37 0.7287397401080862
22 37 2.508510745268917
7 38 0.5100819914516095
9 38 0.5703119307366727
13 39 0.9315895659462667
30 39 1.2568509975012063
22 40 0.8134980891662108
37 40 1.7871753161573747
13 41 1.0836033243052376
32 41 1.0996495458243958
40 42 0.3095107567531626
22 42 1.0375479085762027
3 43 0.592505150526807
37 43 0.8573477977488363
22 44 0.6174666844324951
40 44 0.8076830695615407
43 45 1.328303386949247
26 45 1.5209436205202607
19 46 0.35686235742397027
36 46 1.3634229847174295
17 47 0.48108350069660566
1 47 0.6433892608766991
32 48 0.41973136913711667
10 48 1.003686315557291
43 49 0.3910709036334362
45 49 0.9566681086069173
15 50 0.4323101844003209
18 50 0.5379896283872581
5 51 0.3125331049433861
21 51 0.6264236883209207
8 52 0.4179324840525482
29 52 1.5299885529435646
16 53 0.5191726376905165
4 53 0.6725165708544782
11 54 0.44605852198727164
24 54 1.4521932756791345
23 55 0.31256805973574076
33 55 0.6604899309281008
5 56 0.40554576694119726
51 56 0.5068443389690352
10 57 1.350170412293887
29 57 2.039239662527708
56 58 0.786019980837904
5 58 1.0124849199368438
29 59 0.7384480722743177
34 59 0.8635469108468934
45 60 0.34091217204655255
49 60 1.1195759025342364
34 61 0.3957796191439414
59 61 0.49128305399476496
31 62 0.4393378219483584
14 62 0.4604715910784799
58 63 0.34550078401236467
56 63 0.5196630884611281
38 64 0.4859381062269807
7 64 0.7694389365906681
37 65 0.34154462115055517
43 65 0.9812923269297185
24 66 0.6812221857573976
21 66 0.7742927701594616
41 67 0.44122843775157583
13 67 0.6461157449001884
33 68 0.6859243607235213
12 68 0.7503471286860477
22 69 0.4640786727204251
40 69 0.9581833122472561
65 70 0.5308856100881282
37 70 0.5670394651892163
10 71 1.3789490922137162
48 71 1.507104422716842
27 72 0.7116326318410896
36 72 1.019841958561634
48 73 0.41084111539805895
32 73 0.8150292381678089
10 74 0.5011594324025909
71 74 1.0376724189187028
39 75 0.6103798537777861
50 75 0.8364034582789758
68 76 1.3730954369535286
12 76 1.6940601686771357
73 77 0.3947096111788152
48 77 0.41093125024636756
40 78 0.3923346153571963
69 78 0.6730363380843675
57 79 0.6242261419140975
10 79 0.8274313852425361
45 80 0.654411287528973
65 80 0.9370195498771091
26 81 0.9063704823379393
60 81 1.1791462669583488
26 82 0.4911386456720595
25 82 0.6688848640746693
76 83 0.7534162158734486
68 83 1.1822500258923199
24 84 0.4646571067790705
66 84 0.46909297638214115
16 85 0.48685392360881913
64 85 0.8027586617461042
56 86 0.42119969894533205
63 86 0.534833102112903
78 87 0.34716506953316867
69 87 0.3566285867827604
78 88 0.5209077313006407
40 88 0.6498028427510223
23 89 0.7065759482081718
33 89 1.017262599143757
31 90 0.36633383486290905
9 90 0.37800430689031506
44 91 0.5032595334260191
6 91 0.8039529296399369
6 92 1.0208297931211094
22 92 1.0345771168829674
13 93 0.3869302162332942
39 93 0.5623307129339823
68 94 0.43652106449456524
28 95 0.6579441770854804
8 95 0.7316787451710944
29 96 0.9090649727000428
8 96 1.0711259827794017
91 97 0.5279558028506943
44 97 0.5731082522857405
73 98 0.3387595323263712
77 98 0.5754975282984951
50 99 0.6021577383195607
15 99 0.7536421500804665
51 100 0.5244618881049035
84 100 0.5426166150692108
49 101 0.4489444085320913
43 101 0.5533670613392413
79 102 0.4366552405196403
57 102 0.6185556331993394
15 103 0.3432020475398791
50 103 0.4763776843751786
72 104 0.610018089398682
58 104 1.0912584570200365
96 105 0.5757251971936311
29 105 1.2986963017075919
66 106 0.6881976992143893
21 106 1.091171899597536
8 107 0.47109294721895895
95 107 0.5176482463112366
41 108 0.36860904136761463
67 108 0.3787716337515661
12 109 0.3997740423530483
35 109 0.568649447820965
66 110 0.3969223872146485
106 110 0.492885175928338
37 111 0.5804786190633113
70 111 0.6154412104683391
4 112 1.038201820857613
85 112 1.3482110859730758
28 113 0.3649776773856461
1 113 0.6113974015377132
46 114 0.32791063096632245
19 114 0.4023843121575561
110 115 0.31705880155488025
106 115 0.5331191336107585
115 116 0.5436735094838976
110 116 0.5830476299416462
105 117 0.440777618702787
96 117 0.5421549314332259
92 118 0.3378518096652347
97 118 0.941457078936386
6 119 0.31072056642961815
91 119 0.4970112306848672
32 120 0.5988405212541488
77 120 0.8918554613612589
92 121 0.545276190802561
118 121 0.5927519977531048
117 122 0.511426762557044
102 122 0.9026385275873794
71 123 0.5194072643972156
74 123 0.9831145782005182
3 124 0.31832773102046086
111 124 0.7214905972915011
60 125 0.45203255874307496
45 125 0.7378840745001237
80 126 0.4426825565460867
49 126 0.6218708735189029
48 127 0.318517469502737
32 127 0.4910102768521967
86 128 0.4161397911489147
63 128 0.7042763735887375
126 129 0.3226809396392884
80 129 0.3684468492890969
1 130 0.32607000346614634
47 130 0.5681381963786835
117 131 0.41809377677240195
29 131 0.5113827155846717
105 132 0.4589439308744092
117 132 0.7189125417203968
79 133 0.35242901069841753
74 133 0.5453907707432083
76 134 0.5704524577182665
109 134 1.2364872026246172
85 135 0.36700578201738265
38 135 0.47596500493426985
35 136 0.3228379546530068
109 136 0.5431146649372414
68 137 0.38824038099460173
94 137 0.4026112379626345
104 138 0.5100976895458275
58 138 0.5905272594249078
16 139 0.41137017010600396
85 139 0.4247970571633326
71 140 0.30681476148673403
123 140 0.4841735200088285
102 141 0.3795354321522733
79 141 0.6236393426005039
39 142 0.3738757574565477
93 142 0.41516732968648096
42 143 0.5217030001580283
40 143 0.6913695725065199
105 144 0.3201428494857957
132 144 0.6122569552472545
128 145 0.39843128239180753
19 145 0.5337942280484371
38 146 0.41850473072595096
135 146 0.5226725343869829
107 147 0.40805287024069253
113 147 0.5072181548817641
36 148 0.33271352495173817
27 148 0.4841403067190864
57 149 0.42945726764295783
133 149 0.5537870785898019
37 150 0.32532670827205085
65 150 0.4540876204392711
120 151 0.5015913679707029
41 151 0.552112025518604
49 152 0.3014973025620602
101 152 0.39687890005292753
16 153 0.34775854521225535
85 153 0.4081556355085289
53 154 0.405733976516172
0 154 0.6212440600880744
112 155 0.48045366230363024
139 155 1.25317916968944
148 156 0.5284016335095912
46 156 0.5821879139717739
40 157 0.30481798714097946
87 157 0.4167025004585222
29 158 0.5492462412851333
121 158 0.6704958768399092
79 159 0.36255055358144356
141 159 0.4149720441278893
122 160 0.35310423381046635
117 160 0.42030812497987985
29 161 0.33595786845303793
131 161 0.44293491572561816
101 162 0.3090426076008235
152 162 0.4519573656585115
82 163 0.3469115054576398
25 163 0.4435443890144646
159 164 0.5248817342918012
116 165 0.3878759033847947
11 165 0.4519893920729945
111 166 0.30320879362790587
124 166 0.4361912143444959
86 167 0.41395427122618667
21 167 0.4233526533660249
102 168 0.35123155387947447
160 168 0.4979580113955067
158 169 0.424343241889548
121 169 0.5356581081484881
27 170 0.4414252646883662
72 170 0.6866382569404315
21 171 0.3484808496493125
167 171 0.39443400169016973
138 172 0.3063220287936653
58 172 0.3321646882846247
165 173 0.3850445954839939
11 173 0.4572356205794689
158 174 0.3112486561687796
61 174 0.38414256798752827
83 175 0.6690152238986807
76 175 1.0737575956209113
154 176 0.396551220156306
53 176 0.5745731469338518
76 177 0.40968734999484796
134 177 0.684044069832639
167 178 0.37016906976065717
171 178 0.386809210265036
4 179 0.33330171528461733
154 179 0.6722918945063124
82 180 0.32269547879914945
163 180 0.6405613494229374
