3.1697172384910024 6.775976617219738
3.4212741221059515 6.808188326379341
4.089569283524677 6.6869107815511075
4.363664142815187 6.404192603306785
4.770531399085075 7.30650245136261
4.332286997601868 8.586141502768744
4.974410615284982 8.667633798306154
5.541358911771401 8.21106380169378
6.785288242456737 8.521787876927537
6.358274926754726 8.069977536811413
6.608382606933899 5.973856051533076
5.434813852798001 4.81472912766673
4.715716805175097 4.07446035278012
4.618415978768714 3.582436811558083
4.534559130378456 3.1636313341611846
4.876978388581973 2.689405431488675
6.752749089095933 1.0200427535643897
6.775999471067121 1.1134394436738626
