1.4818678384147288 9.362574018709356
1.2345725714018585 9.243417367044048
0.8247423094983786 9.492840292870072
0.6470120293606685 8.617842016688332
0.5967612640598274 7.441047004792144
0.8721011807710444 6.515997910884003
1.3284966183810465 6.660418528843727
2.7912807254265393 6.780611199082207
4.363664142815187 6.404192603306785
4.770531399085075 7.30650245136261
4.332286997601868 8.586141502768744
4.974410615284982 8.667633798306154
5.541358911771401 8.21106380169378
6.785288242456737 8.521787876927537
6.358274926754726 8.069977536811413
6.797581111144204 6.560112221014026
8.860599387894343 6.629620906695695
8.832729179390531 6.69665064056926
