3.715022726965176 1.5931440425956
3.777207517274963 1.3183261271033386
3.283560235592322 1.3073871076768662
3.5094154975613723 1.8427838555524167
4.042639360051858 2.2644229562042204
4.715716805175097 4.07446035278012
4.618415978768714 3.582436811558083
4.534559130378456 3.1636313341611846
4.876978388581973 2.689405431488675
5.102864818762043 2.027702813307796
5.829834172233436 1.765487240132665
6.203470239318641 1.7484407478377462
6.342884748074984 0.28877097251476025
6.723252186650306 0.23533631076796735
