128
0.5507577799124219 7.933293860957763
6.375828114117371 0.833489934735312
4.421483534718861 7.405028501642433
9.246157056612637 9.296538046010726
6.670990876429629 5.548984191648234
9.189181364494713 3.0786546872268508
0.18410545340803108 1.7187347027610422
0.3831775564132933 8.776369122828214
2.383030461203152 7.4079570036208855
9.72354364918589 0.39614000394333937
3.6339541663392803 1.2856378159127824
8.672807999643851 2.076148160330039
3.9562124537784715 2.611959339679497
9.805079981903393 7.50713234050277
0.7107403535710088 0.34792281691475635
2.7969574325671163 2.6545712951129206
0.5954448774803145 4.768136800074125
2.8194979863482947 9.404693988806937
6.804659292981672 6.940940808143475
4.435941509503563 6.402138026228867
8.46120374243367 0.8871224908061193
6.710526229252615 9.658334212651067
2.038884852612284 2.6420736870250883
0.6309347760618 3.3601126477384713
9.430943091236829 7.013138930227598
1.7765813275911302 6.429396249714683
5.773065058890214 1.7162763971615669
8.153976192342224 2.634103260693096
9.694507743922076 3.5298828374667868
5.304092333728676 8.640164436770734
5.137986330334323 8.18395034480969
2.2717860118164213 5.297707845443442
5.116379753328058 4.189757061806013
5.663063064253659 2.7242344427429455
2.6034829042716954 3.580143229557906
1.3787751698418749 2.8006078377120334
0.24391840216526517 9.784928383408285
0.422452835941971 6.793474104547517
3.3340890410582604 1.4119176468425998
7.298401377010157 4.817969605415138
2.6333113957429335 5.6730326372341935
5.750998378279909 4.608249295076448
4.72962281696102 2.4550443766130137
2.6090705431889627 5.180843846248617
1.9517019165320915 9.726430977831939
4.900693924745846 4.506047195090516
8.565456621991256 6.2426193964457095
6.040403581443966 4.80992624217984
2.3158541099303633 9.469083203968525
5.633726651745708 8.486602217713738
1.4326603754860479 0.35631019510222295
6.671196811601265 9.170572881500679
6.731535290112248 8.790731779690796
0.9735012084511496 6.580597031769977
3.466324312767134 0.667505469745896
2.577886108993005 6.606382465141932
7.014963039076799 9.049740135786559
9.04697046099588 6.473087897328197
6.3354638170833315 1.349760192607512
5.331271544398184 1.8220074418983478
0.9792082753331233 9.331352580575631
0.5488706892412321 1.9409487834242833
9.490370620789454 3.942315976109584
3.7988570733589535 6.446805077298835
8.944423257276382 4.436959636042648
2.5853738836002838 4.4458434682208905
4.250923551312686 2.9310525336937223
9.560566903730592 8.613229127944674
8.075488303037401 4.323854105183756
4.565894899459822 9.808857744877452
5.615107156563194 4.310633146201762
6.357632863862875 6.650524451764835
0.9089570445676343 2.693400688892591
0.3221930010238838 9.404563345511942
6.739841673016578 1.5774619923819067
9.49385757313394 7.7309335866012905
8.201329129069757 1.37843829148117
6.344769773245918 5.229169998094343
9.150194431473746 2.278606211677272
9.189040778128339 0.798633305951375
3.475088377153871 6.775471368989495
6.396700571157268 4.557102518915546
2.222977559366861 3.221468846056891
8.257479345608653 0.6287842192323467
8.786834254160121 0.2076560308957598
2.4550375195711025 0.3638640122231218
7.214983436339474 8.455367168225449
0.5048631273126003 7.275664421548791
4.22266879274154 9.657515960688523
5.616523594241977 1.2051375556633925
3.187383048406156 0.21678715480175748
2.416439057132216 2.3975313005751984
6.2656138792295435 7.456293650247643
4.766085001087966 3.126128102557736
9.65744014465104 4.80396901201145
7.506458603737714 4.387914160873755
2.8131162723891867 6.161831432793306
0.5119427682573896 6.340775253846949
6.742602787274791 7.736381321188758
6.328964960346115 7.93422635042984
2.5290284242977723 0.7010645827215867
4.234611731320462 3.313378063706728
4.448579967234444 6.921348885072261
7.292899533985649 9.797169434478901
6.289288214743705 1.700697336061443
0.7918921017652791 6.859998771851206
2.2394938761096714 6.348142668525253
7.948182055317528 6.499774070440997
2.0924806384972183 0.6480511284354606
9.290108045822523 4.378557413583217
4.211513932914716 8.525057352573182
4.145847752251301 2.2744460061059257
3.2171484902290457 1.7217874791917742
6.787817071754673 4.182391624436406
0.7952516309934032 2.320255404578745
6.260443281251202 9.299044587972233
9.103759128616796 0.3742754275663618
0.19453444752735694 2.071100471729829
2.2635091424077904 6.872782917910978
0.2829785511903915 8.227012913805899
8.01320762545317 4.665960586972061
9.216512727995356 8.913654465749662
7.474051476404325 9.42073440108727
5.292179754204286 5.02484294005926
4.6406165390340695 8.8851105828866
4.384947873733646 3.923513197422168
9.626487622758738 3.0838331657895237
0.1986929248308833 3.0740257476460933
212
0 7 0.8595690946549602
10 12 1.364909956088716
3 13 1.874664667432552
6 14 1.4684922691138418
8 15 4.771374144989084
12 15 1.1600379230652762
10 15 1.6045380652450307
6 16 3.0770201937740915
4 18 1.3983599206886652
2 19 1.0029946852850835
9 20 1.354461458508571
11 20 1.2077079135520634
18 21 2.719023344612616
15 22 0.7581755909334544
12 22 1.9175640808353025
16 23 1.4084713509553046
13 24 0.6196837115439939
3 24 2.290863898303717
19 25 2.65949987551963
1 26 1.0689411765807497
11 27 0.761905727953939
5 28 0.6774670422346175
11 28 1.7768553342824716
29 30 0.4855126178252062
8 31 2.1131793196763886
4 32 2.0650215821076183
26 33 1.0139427303729995
12 33 1.7105393024562243
15 34 0.945576966159481
22 34 1.0948723334550625
22 35 0.6788798643510359
7 36 1.0181281324782732
17 36 2.6034954175681357
0 36 1.8768859337921515
25 37 1.4022184766560826
0 37 1.1470184112516992
10 38 0.32537008015406854
12 38 1.3517165402559401
25 40 1.1428352129506378
31 40 0.5211231165050949
32 41 0.7601819179929594
39 41 1.5615500789433299
4 41 1.3158147066664407
12 42 0.7891678500245161
33 42 0.9714803070411565
31 43 0.35695664920407766
40 43 0.49278537407718037
17 44 0.9255186161797735
36 44 1.708785088418749
32 45 0.38283132717206425
41 45 0.8564245051032789
24 46 1.1587783137367675
13 46 1.7707792239936948
41 47 0.35274489735696174
4 47 0.9715178790273307
44 48 0.4459088434525907
17 48 0.5077431686220957
29 49 0.36364837238225467
30 49 0.5808240890712022
14 50 0.7219687431978409
21 51 0.4893443769559354
49 51 1.2426424270528764
51 52 0.38460368512686616
21 52 0.8678567637097632
37 53 0.5907376380080658
25 53 0.8171899132099085
50 54 2.0573360223255124
10 54 0.64045871466192
38 54 0.756065907506597
25 55 0.82061773874854
8 55 0.8249184591299618
51 56 0.36438409898014723
52 56 0.38394871716225587
46 57 0.533827038517151
24 57 0.6626387393669813
1 58 0.5178457836445906
26 58 0.6712871899700381
26 59 0.4542692629579407
7 60 0.8144073036689738
36 60 0.8639341447694332
6 61 0.4271214990110661
35 61 1.194887081083368
28 62 0.4601880690452676
5 62 0.9146725042450785
19 63 0.6386483572585008
39 64 1.6895433190884412
62 64 0.7367027039714533
28 64 1.1770365566205523
43 65 0.7353822729550686
34 65 0.8658896233647946
12 66 0.434367468252425
42 66 0.6750827745836996
3 67 0.752173270911254
13 67 1.1328004010357862
64 68 0.8762652656639832
39 68 0.9208768745990866
41 70 0.3271724258103989
32 70 0.5131666888219751
46 71 2.2451886961035203
18 71 0.5330800018598969
4 71 1.1452441611715536
35 72 0.4818946395159383
23 72 0.722358095305397
36 73 0.3883355184378121
7 73 0.631147445062766
58 74 0.46407926046061115
1 74 0.8282513468877515
13 75 0.38333586510462436
24 75 0.7205465985979045
20 76 0.5558111465812907
11 76 0.84207564178459
4 77 0.45683840311528434
47 77 0.5180773162234786
11 78 0.5185432169555382
5 78 0.8009978428033288
9 79 0.669099527223041
63 80 0.46135420225248736
55 80 0.9129966962685971
47 81 0.4368837144183577
41 81 0.6477247213116728
34 82 0.5229069046025117
20 83 0.32900196416046074
76 83 0.7517539988963203
83 84 0.6764359320875771
79 84 0.7148595859011453
50 85 1.0224050493325083
54 85 1.0558878315518498
52 86 0.5883804319603475
56 86 0.627126290222726
37 87 0.4891819272352377
0 87 0.6592289425644299
69 88 0.375111311445654
26 89 0.5345728626130503
59 89 0.679630185088635
54 90 0.5300520996934025
85 90 0.7469682560816346
22 91 0.449831252939684
15 91 0.45919907756393424
18 92 0.7457603569190618
71 92 0.8110064702310184
66 93 0.5508591443392641
42 93 0.6720735511081793
64 94 0.8019282784204934
62 94 0.877700507053653
39 95 0.4777399867849136
68 95 0.572624213092756
55 96 0.5029501467676724
40 96 0.5208205604676276
37 97 0.46145931284505876
53 97 0.5201448633604479
92 98 0.5531433103739173
18 98 0.7978575184168479
98 99 0.45851816481103774
92 99 0.48211308360392363
85 100 0.3452229406148457
90 100 0.8172854080904275
66 101 0.3826733415998356
93 101 0.5634947953864885
88 102 2.7454773946341664
2 102 0.48443801269155207
19 102 0.5193646566283752
21 103 0.5986934815793966
56 103 0.7974329136334564
58 104 0.3539619540388943
74 104 0.46710316707710203
53 105 0.3332374528645582
37 105 0.3753810097646542
55 106 0.42567252181975773
25 106 0.4699895445986412
46 107 0.6686975527245939
57 107 1.099112420223054
100 108 0.4397549267748043
85 108 0.46066235903870845
64 109 0.350583503063665
62 109 0.4800121776595335
88 110 1.1325135451694568
30 110 0.9872715401174073
29 110 1.0986251420560387
12 111 0.3871392472571388
42 111 0.6110720887151135
38 112 0.3312014574671217
10 112 0.6032855877742214
81 113 0.5416459835362178
95 113 0.7474524496411623
72 114 0.39008502186285976
61 114 0.45230198021930124
51 115 0.43037593108671107
21 115 0.5759025043212603
84 116 0.35805502286136726
79 116 0.4328424294022473
6 117 0.3525200690163686
61 117 0.3774832899092324
55 118 0.41207047741238884
106 118 0.5251896079425844
0 119 0.39746269930771055
7 119 0.55841927352038
68 120 0.34772938857957236
95 120 0.5780176347444879
3 121 0.38402945492852464
67 121 0.4567588635550424
103 122 0.41775514432095046
56 122 0.5902532830690937
41 123 0.6197296142986174
45 123 0.6499309037616516
110 124 0.5601494222415556
29 124 0.7072473009087095
101 125 0.628383511169441
45 125 0.7780358909292971
5 126 0.43733691835598104
28 126 0.45120621281900514
23 127 0.5183422926599721
72 127 0.8058229055670537
