2.719997313924727 1.5741933869948377
2.6931041782207266 1.6572777579399607
2.954064732376821 1.4418790981640484
2.668996135148101 1.196699101038854
2.4034479699403155 0.5419207233458573
1.7344271544356182 0.6239928063329536
1.3667713987106138 0.30607030094944365
0.7018022342644203 0.5342647956041313
0.6626633249779718 1.3009286102737383
0.3382169336651375 1.7044985861163586
0.7714414708337014 2.7501778631902223
0.6114653845723894 3.349765056710803
1.2970289972229065 3.793001826981652
2.3675883757727707 3.540877268924813
2.3080573747225843 4.3797669461400055
2.295132023579959 4.272772671380779
