4.693821336066292 0.817557456576376
4.5163200903631155 0.7889969360236271
4.67294177316033 1.0679940252969482
4.357832782250012 1.3709337167912683
3.7016832138064366 1.508848820869595
3.2881816344955883 1.2839326352986147
2.668996135148101 1.196699101038854
2.4034479699403155 0.5419207233458573
1.7344271544356182 0.6239928063329536
1.3667713987106138 0.30607030094944365
0.7018022342644203 0.5342647956041313
0.6626633249779718 1.3009286102737383
0.3382169336651375 1.7044985861163586
0.7714414708337014 2.7501778631902223
0.6114653845723894 3.349765056710803
1.2970289972229065 3.793001826981652
2.3675883757727707 3.540877268924813
3.019894476098645 4.3832041543966955
3.5734775482596293 4.416689753983699
3.5528611428101717 4.237583923810981
