0.360679626683561 4.214715905187991
0.20842762311064078 3.9687721074897295
0.36396644122540345 3.5353462122039545
0.24290488970666158 2.9562508669809735
0.21730331765297206 2.5208961319180605
0.26846041069083615 2.0895078452521454
0.3382169336651375 1.7044985861163586
0.6626633249779718 1.3009286102737383
0.7018022342644203 0.5342647956041313
1.3667713987106138 0.30607030094944365
1.7344271544356182 0.6239928063329536
2.4034479699403155 0.5419207233458573
2.668996135148101 1.196699101038854
2.516156874443214 1.104664288682421
