4.7307706641921925 4.138510514512242
4.755262007375056 4.1774946827029416
4.3939607778512855 4.287507973170477
3.889647517719726 4.334810837753894
3.019894476098645 4.3832041543966955
2.3675883757727707 3.540877268924813
1.2970289972229065 3.793001826981652
0.6114653845723894 3.349765056710803
0.7714414708337014 2.7501778631902223
0.3382169336651375 1.7044985861163586
0.6626633249779718 1.3009286102737383
0.4272343377320925 0.8590191244629453
0.3434095736087306 0.5686590376852008
0.4917619372666632 0.47327835654334516
