0.6236938704610906 4.413928552636937
0.7136211108156948 4.321850684851289
0.7466388882686903 3.9202628345572794
1.0478768056161003 3.563150295329379
1.2970289972229065 3.793001826981652
2.3675883757727707 3.540877268924813
3.019894476098645 4.3832041543966955
3.889647517719726 4.334810837753894
4.3939607778512855 4.287507973170477
4.652262492485388 3.3638804253032535
4.25531898185557 2.3798292741109224
4.517615657893035 1.6767412783764235
3.2881816344955883 1.2839326352986147
2.668996135148101 1.196699101038854
2.4034479699403155 0.5419207233458573
2.5511114309138527 0.21830423651664987
2.577973973230444 0.3043697303196341
