0.6134290963274341 2.417817513313303
0.7554677672321203 2.4112538717324856
0.21730331765297206 2.5208961319180605
0.26846041069083615 2.0895078452521454
0.3382169336651375 1.7044985861163586
0.6626633249779718 1.3009286102737383
0.7018022342644203 0.5342647956041313
1.3667713987106138 0.30607030094944365
1.7344271544356182 0.6239928063329536
2.4034479699403155 0.5419207233458573
2.668996135148101 1.196699101038854
3.2881816344955883 1.2839326352986147
3.7016832138064366 1.508848820869595
4.357832782250012 1.3709337167912683
4.67294177316033 1.0679940252969482
4.687671885052519 0.21107520357156295
4.668958062965812 0.37052696268959684
