4.705993291218116 2.1273053545509453
4.628866868854793 2.4827833144183034
4.415761495592118 2.876655965805979
4.251737899691542 3.1912847348920472
4.652262492485388 3.3638804253032535
4.3939607778512855 4.287507973170477
3.889647517719726 4.334810837753894
3.019894476098645 4.3832041543966955
2.3675883757727707 3.540877268924813
1.2970289972229065 3.793001826981652
0.6114653845723894 3.349765056710803
0.7714414708337014 2.7501778631902223
0.3382169336651375 1.7044985861163586
0.6626633249779718 1.3009286102737383
0.7018022342644203 0.5342647956041313
1.3667713987106138 0.30607030094944365
1.7344271544356182 0.6239928063329536
1.782146392764693 0.2679768872296029
