4.321026703107924 2.421933714160395
4.25531898185557 2.3798292741109224
4.652262492485388 3.3638804253032535
4.3939607778512855 4.287507973170477
3.889647517719726 4.334810837753894
3.019894476098645 4.3832041543966955
2.3675883757727707 3.540877268924813
1.2970289972229065 3.793001826981652
0.6114653845723894 3.349765056710803
0.7714414708337014 2.7501778631902223
0.3382169336651375 1.7044985861163586
0.6626633249779718 1.3009286102737383
0.7018022342644203 0.5342647956041313
0.9552902264481883 0.2602482600499795
1.0980818641572805 0.48667904474701484
