0.4466518402430275 2.563006632728653
0.21730331765297206 2.5208961319180605
0.26846041069083615 2.0895078452521454
0.3382169336651375 1.7044985861163586
0.6626633249779718 1.3009286102737383
0.7018022342644203 0.5342647956041313
1.3667713987106138 0.30607030094944365
1.7344271544356182 0.6239928063329536
2.4034479699403155 0.5419207233458573
2.668996135148101 1.196699101038854
3.2881816344955883 1.2839326352986147
3.7016832138064366 1.508848820869595
4.357832782250012 1.3709337167912683
4.158847277167527 1.0998150591979994
4.058866655062815 1.0118484283407363
