1.1834723910802714 3.587407834086273
1.0478768056161003 3.563150295329379
0.6114653845723894 3.349765056710803
0.7714414708337014 2.7501778631902223
0.3382169336651375 1.7044985861163586
0.6626633249779718 1.3009286102737383
0.7018022342644203 0.5342647956041313
1.3667713987106138 0.30607030094944365
1.7344271544356182 0.6239928063329536
2.4034479699403155 0.5419207233458573
2.668996135148101 1.196699101038854
3.2881816344955883 1.2839326352986147
3.7016832138064366 1.508848820869595
3.781290453574349 1.2653149303773699
