4.2408205717349 1.0288252526082298
4.158847277167527 1.0998150591979994
4.357832782250012 1.3709337167912683
3.7016832138064366 1.508848820869595
3.2881816344955883 1.2839326352986147
2.668996135148101 1.196699101038854
2.4034479699403155 0.5419207233458573
1.7344271544356182 0.6239928063329536
1.3667713987106138 0.30607030094944365
0.7018022342644203 0.5342647956041313
0.6626633249779718 1.3009286102737383
0.3382169336651375 1.7044985861163586
0.7714414708337014 2.7501778631902223
0.6460062122332305 2.6142266057593573
