2.671987230825099 3.394404588578484
2.6458384221503954 3.2139129032796845
2.3675883757727707 3.540877268924813
1.2970289972229065 3.793001826981652
0.6114653845723894 3.349765056710803
0.7714414708337014 2.7501778631902223
0.3382169336651375 1.7044985861163586
0.6626633249779718 1.3009286102737383
0.7018022342644203 0.5342647956041313
1.3667713987106138 0.30607030094944365
1.7344271544356182 0.6239928063329536
2.4034479699403155 0.5419207233458573
2.2737248258535994 1.0636464597505308
2.3079841676353285 1.7584372798218917
2.6931041782207266 1.6572777579399607
2.5514369952290594 1.5913210667279416
