4.154310591568399 1.3410104501360554
4.357832782250012 1.3709337167912683
3.7016832138064366 1.508848820869595
3.2881816344955883 1.2839326352986147
2.668996135148101 1.196699101038854
2.4034479699403155 0.5419207233458573
1.7344271544356182 0.6239928063329536
1.3667713987106138 0.30607030094944365
0.7018022342644203 0.5342647956041313
0.6626633249779718 1.3009286102737383
0.3382169336651375 1.7044985861163586
0.26846041069083615 2.0895078452521454
0.21730331765297206 2.5208961319180605
0.24290488970666158 2.9562508669809735
0.36396644122540345 3.5353462122039545
0.20842762311064078 3.9687721074897295
0.3593036752593254 3.779194863879933
