4.500837307318971 2.0949140670681405
4.324187417724225 2.0456354402809502
4.25531898185557 2.3798292741109224
4.652262492485388 3.3638804253032535
4.3939607778512855 4.287507973170477
3.889647517719726 4.334810837753894
3.019894476098645 4.3832041543966955
2.3675883757727707 3.540877268924813
1.2970289972229065 3.793001826981652
0.6114653845723894 3.349765056710803
0.24290488970666158 2.9562508669809735
0.21730331765297206 2.5208961319180605
0.26846041069083615 2.0895078452521454
0.3363698615128963 2.0874469643156495
