4.472617677037149 0.6010459900334747
4.5163200903631155 0.7889969360236271
4.67294177316033 1.0679940252969482
4.357832782250012 1.3709337167912683
3.7016832138064366 1.508848820869595
3.2881816344955883 1.2839326352986147
2.668996135148101 1.196699101038854
2.4034479699403155 0.5419207233458573
1.7344271544356182 0.6239928063329536
1.3667713987106138 0.30607030094944365
0.7018022342644203 0.5342647956041313
0.4272343377320925 0.8590191244629453
0.23975466209738672 1.1307581362993395
0.33713997784515337 1.1897881076109262
