2.473934583951442 4.768449404598517
2.656711020522148 4.484295014753403
2.3080573747225843 4.3797669461400055
2.3675883757727707 3.540877268924813
1.2970289972229065 3.793001826981652
0.6114653845723894 3.349765056710803
0.7714414708337014 2.7501778631902223
0.3382169336651375 1.7044985861163586
0.6626633249779718 1.3009286102737383
0.7018022342644203 0.5342647956041313
1.3667713987106138 0.30607030094944365
1.7344271544356182 0.6239928063329536
2.0865104455363137 0.47455752363076975
2.1744582640133956 0.6794044510526603
