0.37111634196198506 4.534564173776402
0.377098453008069 4.5633032081763885
0.7136211108156948 4.321850684851289
0.7466388882686903 3.9202628345572794
1.0478768056161003 3.563150295329379
1.2970289972229065 3.793001826981652
2.3675883757727707 3.540877268924813
3.019894476098645 4.3832041543966955
3.889647517719726 4.334810837753894
4.3939607778512855 4.287507973170477
4.652262492485388 3.3638804253032535
4.25531898185557 2.3798292741109224
4.517615657893035 1.6767412783764235
3.2881816344955883 1.2839326352986147
2.668996135148101 1.196699101038854
2.2737248258535994 1.0636464597505308
2.2926334777946695 0.908622077740977
