69
1.2970289972229065 3.793001826981652
3.2881816344955883 1.2839326352986147
4.652262492485388 3.3638804253032535
4.67294177316033 1.0679940252969482
1.3667713987106138 0.30607030094944365
4.3939607778512855 4.287507973170477
3.889647517719726 4.334810837753894
1.7344271544356182 0.6239928063329536
2.668996135148101 1.196699101038854
2.3675883757727707 3.540877268924813
0.7136211108156948 4.321850684851289
0.6626633249779718 1.3009286102737383
4.517615657893035 1.6767412783764235
4.25531898185557 2.3798292741109224
4.357832782250012 1.3709337167912683
0.7018022342644203 0.5342647956041313
0.6114653845723894 3.349765056710803
1.0478768056161003 3.563150295329379
0.7466388882686903 3.9202628345572794
3.019894476098645 4.3832041543966955
0.36396644122540345 3.5353462122039545
0.24290488970666158 2.9562508669809735
2.4034479699403155 0.5419207233458573
2.3080573747225843 4.3797669461400055
2.656711020522148 4.484295014753403
0.7714414708337014 2.7501778631902223
3.7016832138064366 1.508848820869595
4.102171572102481 1.6374934768346132
4.755262007375056 4.1774946827029416
4.628866868854793 2.4827833144183034
3.5734775482596293 4.416689753983699
2.411212234191203 3.864676461011218
2.0865104455363137 0.47455752363076975
1.8432346011459781 3.721300703974263
2.7911316593884794 0.7860365096353089
0.20842762311064078 3.9687721074897295
0.3382169336651375 1.7044985861163586
0.377098453008069 4.5633032081763885
2.6458384221503954 3.2139129032796845
2.954064732376821 1.4418790981640484
2.2737248258535994 1.0636464597505308
4.158847277167527 1.0998150591979994
4.739718306860655 3.8759731479645083
0.4272343377320925 0.8590191244629453
1.1707388781929402 3.277741306157009
3.5595214361143657 4.754062028903906
2.762379376656581 3.680507223994795
0.9766424937331314 0.7906032846820971
4.5163200903631155 0.7889969360236271
4.415761495592118 2.876655965805979
2.5511114309138527 0.21830423651664987
4.669526625724753 4.565477080861794
0.3434095736087306 0.5686590376852008
0.21730331765297206 2.5208961319180605
1.4045284556778763 0.71767419140224
0.9552902264481883 0.2602482600499795
2.3079841676353285 1.7584372798218917
1.6927599470917771 3.358803012793361
0.7554677672321203 2.4112538717324856
4.324187417724225 2.0456354402809502
2.6931041782207266 1.6572777579399607
4.687671885052519 0.21107520357156295
4.251737899691542 3.1912847348920472
0.23975466209738672 1.1307581362993395
0.26846041069083615 2.0895078452521454
3.3382517378991627 1.68108085932626
2.791424719856738 4.017515982730361
2.161042542022529 3.2911567744788157
2.3823924177767926 1.419167116876352
121
2 3 2.295979528302277
2 5 0.9590660159562209
5 6 0.5065268258861708
4 7 0.48605089666314993
1 8 0.625300225573001
0 9 1.0998473420327148
10 11 3.021351829331933
3 12 0.6282510805528596
1 12 1.2906613219446315
12 13 0.7504213989527868
2 13 1.061094161134664
12 14 0.3450345375051786
3 14 0.43711112183882156
4 15 0.7030339373422715
11 15 0.7676622036702643
0 16 0.8163677489407343
10 16 0.9774386225444444
0 17 0.33898162366914597
16 17 0.48578615509058903
10 18 0.4029428931395854
17 18 0.4671976546619254
6 19 0.8710983104706451
9 19 1.0653721558737637
16 20 0.30934784989077896
18 20 0.5427697558725885
16 21 0.5391569863169672
20 21 0.5916141632137017
7 22 0.6740361105937953
8 22 0.7065766426506709
19 23 0.711845399855946
9 23 0.8409993047703708
23 24 0.36398555171513997
19 24 0.37699016492760734
21 25 0.5672891683090758
16 25 0.6205619637146421
1 26 0.4707131256130058
14 26 0.670487011135656
14 27 0.3693463957431632
12 27 0.4172938752776209
5 28 0.3776790999444937
2 28 0.8201079562542684
13 29 0.38747588092318463
12 29 0.8136833510690732
6 30 0.3266000712053901
19 30 0.5545949000512851
9 31 0.3267245901659681
23 31 0.5253181254270599
22 32 0.32401727585298906
7 32 0.38248339518020735
0 33 0.5508916525030018
9 33 0.5545263716726269
8 34 0.42844001944233334
22 34 0.45813880012487224
20 35 0.4604892296729782
18 35 0.5403929269554361
11 36 0.5178167496687742
25 36 1.1318695375822403
10 37 0.41418210999265304
35 37 0.617994400089497
9 38 0.4293352823969534
31 38 0.6917677761703455
1 39 0.3695689237654373
8 39 0.37600177674614865
8 40 0.41706403981305895
22 40 0.5376112332706059
14 41 0.33630426361868765
3 41 0.5150783717150491
28 42 0.30192191463473067
2 42 0.5195069547856487
15 43 0.4252680377347042
11 43 0.5007102971631199
17 44 0.3107303975768556
0 44 0.5305116384068171
30 45 0.3376608134667788
6 45 0.5336242039458228
31 46 0.39653079301677274
9 46 0.4187558462059796
15 47 0.3758278717812222
43 47 0.5536515592079377
3 48 0.3199526954804676
41 48 0.47370319596516075
29 49 0.44782760703710695
13 49 0.5220905685747995
22 50 0.3557135480331919
32 50 0.530584416253033
5 51 0.3914120097096282
28 51 0.3973422919194703
43 52 0.3022177543989045
15 52 0.3600392521659209
21 53 0.4361068513946088
25 53 0.5996992622187468
7 54 0.34294220118053603
4 54 0.41333201906785144
15 55 0.3732843740882516
4 55 0.41402465452995924
8 56 0.6677420326667531
40 56 0.695634951792067
33 57 0.39248846814169736
44 57 0.5282773860928388
25 58 0.33930020806417893
53 58 0.549219810284943
13 59 0.3412160313188261
12 59 0.4165301751158565
39 60 0.33837404371304136
56 60 0.39818421794525954
48 61 0.602789321723332
3 61 0.8570454149131066
49 62 0.35481685747547265
2 62 0.43612982216445256
43 63 0.3301374249156168
11 63 0.4558615221227998
36 64 0.3912775256997923
53 64 0.4344109828729454
1 65 0.400292052260793
26 65 0.40217696695742977
46 66 0.33825808996401174
31 66 0.4097822027068782
9 67 0.32407021891240767
57 67 0.47314332107004015
56 68 0.34733389001680753
8 68 0.36281360073972724
